,star_rating,helpful_votes,total_votes,vine,verified_purchase,emo,sub,long
star_rating,1,-0.044124119,-0.059205858,0.031529152,0.127243726,0.494997762,0.177564291,-0.114806798
helpful_votes,-0.044124119,1,0.995219737,0.006461594,-0.091415898,-0.070156865,-0.02890712,0.282241757
total_votes,-0.059205858,0.995219737,1,0.010016705,-0.095536732,-0.077462529,-0.032206015,0.283141191
vine,0.031529152,0.006461594,0.010016705,1,-0.304175617,-0.039593497,-0.01126038,0.213414226
verified_purchase,0.127243726,-0.091415898,-0.095536732,-0.304175617,1,0.131069408,0.057067039,-0.277989837
emo,0.494997762,-0.070156865,-0.077462529,-0.039593497,0.131069408,1,0.465961381,-0.266085032
sub,0.177564291,-0.02890712,-0.032206015,-0.01126038,0.057067039,0.465961381,1,-0.106919191
long,-0.114806798,0.282241757,0.283141191,0.213414226,-0.277989837,-0.266085032,-0.106919191,1
