,star_rating,helpful_votes,total_votes,vine,verified_purchase,emo,sub,long
star_rating,1.00 ,-0.07 ,-0.11 ,0.00 ,0.07 ,0.45 ,0.16 ,-0.11 
helpful_votes,-0.07 ,1.00 ,0.99 ,0.02 ,-0.10 ,-0.06 ,-0.03 ,0.22 
total_votes,-0.11 ,0.99 ,1.00 ,0.02 ,-0.11 ,-0.08 ,-0.04 ,0.23 
vine,0.00 ,0.02 ,0.02 ,1.00 ,-0.21 ,-0.02 ,0.00 ,0.12 
verified_purchase,0.07 ,-0.10 ,-0.11 ,-0.21 ,1.00 ,0.07 ,0.03 ,-0.23 
emo,0.45 ,-0.06 ,-0.08 ,-0.02 ,0.07 ,1.00 ,0.48 ,-0.24 
sub,0.16 ,-0.03 ,-0.04 ,0.00 ,0.03 ,0.48 ,1.00 ,-0.10 
long,-0.11 ,0.22 ,0.23 ,0.12 ,-0.23 ,-0.24 ,-0.10 ,1.00 
