0.837772866,0.835817929,0.857322617,0.782406313,0.80225825,0.837890589,0.737324105,0.78466024,0.738613441
0.835817929,0.853675784,0.860267817,0.77055746,0.833179268,0.864068627,0.767814985,0.822441381,0.763470182
0.857322617,0.860267817,0.889450976,0.808578972,0.836528021,0.869396696,0.772717013,0.81810701,0.761593411
0.782406313,0.77055746,0.808578972,0.978379446,0.763018297,0.785979613,0.735488484,0.739022885,0.76824722
0.80225825,0.833179268,0.836528021,0.763018297,0.840302682,0.855028755,0.801268352,0.832250353,0.773478144
0.837890589,0.864068627,0.869396696,0.785979613,0.855028755,0.885296242,0.788583158,0.848071687,0.782257127
0.737324105,0.767814985,0.772717013,0.735488484,0.801268352,0.788583158,0.85136382,0.790842751,0.762367818
0.78466024,0.822441381,0.81810701,0.739022885,0.832250353,0.848071687,0.790842751,0.834365604,0.765809616
0.738613441,0.763470182,0.761593411,0.76824722,0.773478144,0.782257127,0.762367818,0.765809616,0.744124288
